1000 2950 3860 4770 5940 7500 8540 9580 11530 12440 13350 14520 16080 17120 18160 20110 21020 21930 23100 24660 25700 26740 28690 29600 0 0 0 0 0 0 0 0 0 0 0 0 0 0 0 0 0 0 0 0 0 0 0 0 0 0 
1390 3080 4120 5030 6590 7630 8930 9970 11660 12700 13610 15170 16210 17510 18550 20240 21280 22190 23750 24790 26090 27130 28820 0 0 0 0 0 0 0 0 0 0 0 0 0 0 0 0 0 0 0 0 0 0 0 0 0 0 0 
1650 3210 4250 5290 7240 8150 9060 10230 11790 12830 13870 15820 16730 17640 18810 20370 21410 22450 24400 25310 26220 27390 28950 0 0 0 0 0 0 0 0 0 0 0 0 0 0 0 0 0 0 0 0 0 0 0 0 0 0 0 
2300 3340 4640 5680 7370 8410 9320 10880 11920 13220 14260 15950 16990 17900 19460 20500 21800 22840 24530 25570 26480 28040 29080 0 0 0 0 0 0 0 0 0 0 0 0 0 0 0 0 0 0 0 0 0 0 0 0 0 0 0 
1130 2690 4640 6460 8020 9710 11270 13220 15040 16600 18290 19850 21800 23620 25180 26870 28430 0 0 0 0 0 0 0 0 0 0 0 0 0 0 0 0 0 0 0 0 0 0 0 0 0 0 0 0 0 0 0 0 0 
1520 3210 4900 6590 8280 10100 11790 13480 15170 16860 18680 20370 22060 23750 25440 27260 28950 0 0 0 0 0 0 0 0 0 0 0 0 0 0 0 0 0 0 0 0 0 0 0 0 0 0 0 0 0 0 0 0 0 
2170 3730 5420 6980 8930 10750 12310 14000 15560 17510 19330 20890 22580 24140 26090 27910 29470 0 0 0 0 0 0 0 0 0 0 0 0 0 0 0 0 0 0 0 0 0 0 0 0 0 0 0 0 0 0 0 0 0 
2300 3990 5810 7500 9190 10880 12570 14390 16080 17770 19460 21150 22970 24660 26350 28040 0 0 0 0 0 0 0 0 0 0 0 0 0 0 0 0 0 0 0 0 0 0 0 0 0 0 0 0 0 0 0 0 0 0 
1260 2690 4510 6330 7890 9840 11270 13090 14910 16470 18420 19850 21670 23490 25050 27000 28430 0 0 0 0 0 0 0 0 0 0 0 0 0 0 0 0 0 0 0 0 0 0 0 0 0 0 0 0 0 0 0 0 0 
1520 2820 4900 6720 8280 10100 11400 13480 15300 16860 18680 19980 22060 23880 25440 27260 28560 0 0 0 0 0 0 0 0 0 0 0 0 0 0 0 0 0 0 0 0 0 0 0 0 0 0 0 0 0 0 0 0 0 
2040 3600 5550 6980 8800 10620 12180 14130 15560 17380 19200 20760 22710 24140 25960 27780 29340 0 0 0 0 0 0 0 0 0 0 0 0 0 0 0 0 0 0 0 0 0 0 0 0 0 0 0 0 0 0 0 0 0 
2430 3990 5810 7110 9190 11010 12570 14390 15690 17770 19590 21150 22970 24270 26350 28170 0 0 0 0 0 0 0 0 0 0 0 0 0 0 0 0 0 0 0 0 0 0 0 0 0 0 0 0 0 0 0 0 0 0 
1650 2560 4120 5160 6720 7760 9060 10490 11920 13090 14650 15690 17120 18810 19720 21280 22320 23880 24920 26220 27650 29080 0 0 0 0 0 0 0 0 0 0 0 0 0 0 0 0 0 0 0 0 0 0 0 0 0 0 0 0 
1780 2820 4250 5940 6850 8410 9450 11010 12050 13350 14780 16210 17380 18940 19980 21410 23100 24010 25570 26610 28170 29210 0 0 0 0 0 0 0 0 0 0 0 0 0 0 0 0 0 0 0 0 0 0 0 0 0 0 0 0 
1910 3340 4510 6070 7110 8540 10230 11140 12700 13740 15300 16340 17640 19070 20500 21670 23230 24270 25700 27390 28300 0 0 0 0 0 0 0 0 0 0 0 0 0 0 0 0 0 0 0 0 0 0 0 0 0 0 0 0 0 
2430 3470 4770 6200 7630 8800 10360 11400 12830 14520 15430 16990 18030 19590 20630 21930 23360 24790 25960 27520 28560 0 0 0 0 0 0 0 0 0 0 0 0 0 0 0 0 0 0 0 0 0 0 0 0 0 0 0 0 0 
