1000 1910 3470 5550 6330 7760 9580 10880 11920 14130 15170 16340 18030 20240 21280 22450 24660 25700 26870 0 0 0 0 0 0 0 0 0 0 0 0 0 0 0 0 0 0 0 0 0 0 0 0 0 0 0 0 0 0 0 
1130 2300 3990 5680 6590 8150 10230 11010 12440 14260 15560 16600 18810 20370 21670 22710 24790 26090 27130 0 0 0 0 0 0 0 0 0 0 0 0 0 0 0 0 0 0 0 0 0 0 0 0 0 0 0 0 0 0 0 
1520 2560 4770 5810 6980 8670 10360 11270 12830 14910 15690 17120 18940 21020 21800 23230 25440 26220 27650 0 0 0 0 0 0 0 0 0 0 0 0 0 0 0 0 0 0 0 0 0 0 0 0 0 0 0 0 0 0 0 
1650 3080 4900 6200 7240 9450 10490 11660 13350 15040 15950 17510 19590 21150 22060 23620 25570 26480 28040 0 0 0 0 0 0 0 0 0 0 0 0 0 0 0 0 0 0 0 0 0 0 0 0 0 0 0 0 0 0 0 
1130 2820 3730 5030 6070 7630 8930 9840 11400 12570 13870 14780 16600 17380 18680 19720 20630 22190 23360 24400 25310 27130 27910 0 0 0 0 0 0 0 0 0 0 0 0 0 0 0 0 0 0 0 0 0 0 0 0 0 0 0 
1390 2950 4250 5160 6720 7890 9190 10100 11920 12700 14000 15170 16860 17770 19070 19980 20890 22710 23490 24530 25700 27390 28300 0 0 0 0 0 0 0 0 0 0 0 0 0 0 0 0 0 0 0 0 0 0 0 0 0 0 0 
2040 3210 4510 5420 7240 8020 9320 10490 12180 13090 14390 15430 16990 18290 19200 20110 21280 22970 23880 24920 25960 27520 0 0 0 0 0 0 0 0 0 0 0 0 0 0 0 0 0 0 0 0 0 0 0 0 0 0 0 0 
2560 3340 4640 5810 7500 8410 9710 10750 12310 13610 14520 16080 17250 18550 19460 20500 21540 23100 24140 25050 26610 27780 0 0 0 0 0 0 0 0 0 0 0 0 0 0 0 0 0 0 0 0 0 0 0 0 0 0 0 0 
1260 2820 3990 6070 7760 8800 11530 12700 14130 16730 17900 20240 22840 24010 26740 27910 0 0 0 0 0 0 0 0 0 0 0 0 0 0 0 0 0 0 0 0 0 0 0 0 0 0 0 0 0 0 0 0 0 0 
1390 3080 4120 6850 8020 9450 12050 13220 15300 16860 18030 21410 22970 24660 27260 28430 0 0 0 0 0 0 0 0 0 0 0 0 0 0 0 0 0 0 0 0 0 0 0 0 0 0 0 0 0 0 0 0 0 0 
2170 3340 4770 7370 8540 10620 12180 13350 15430 17120 18160 21540 23230 25830 27390 0 0 0 0 0 0 0 0 0 0 0 0 0 0 0 0 0 0 0 0 0 0 0 0 0 0 0 0 0 0 0 0 0 0 0 
2690 3860 5940 7500 8670 10750 12440 13480 16210 17380 18810 22320 23490 25960 27650 0 0 0 0 0 0 0 0 0 0 0 0 0 0 0 0 0 0 0 0 0 0 0 0 0 0 0 0 0 0 0 0 0 0 0 
1000 1910 3210 4640 5940 7110 8280 9970 10880 12050 13610 14780 15820 16990 18420 19720 20890 21930 23100 24270 25570 26480 27780 0 0 0 0 0 0 0 0 0 0 0 0 0 0 0 0 0 0 0 0 0 0 0 0 0 0 0 
1260 2430 3600 5290 6200 7370 8930 10100 11140 12310 13740 15040 15950 17250 18680 19850 21150 22060 23360 24530 25830 27000 28170 0 0 0 0 0 0 0 0 0 0 0 0 0 0 0 0 0 0 0 0 0 0 0 0 0 0 0 
1520 2690 4250 5420 6460 7630 9060 10360 11270 12570 14000 15300 16470 17640 19330 20110 21410 22580 23750 25180 26090 27260 0 0 0 0 0 0 0 0 0 0 0 0 0 0 0 0 0 0 0 0 0 0 0 0 0 0 0 0 
1780 2950 4380 5680 6590 7890 9320 10620 11790 12960 14650 15560 16730 18290 19460 20760 21670 22840 24140 25310 26350 27520 0 0 0 0 0 0 0 0 0 0 0 0 0 0 0 0 0 0 0 0 0 0 0 0 0 0 0 0 
