1000 1910 3860 4900 5940 7500 8670 9580 10490 12440 13480 14520 16080 17250 18160 19070 21020 22060 23100 24660 25830 26740 27650 29600 0 0 0 0 0 0 0 0 0 0 0 0 0 0 0 0 0 0 0 0 0 0 0 0 0 0 
1520 2560 4120 5030 6070 7760 8800 10100 11140 12700 13610 14650 16340 17380 18680 19720 21280 22190 23230 24920 25960 27260 28300 0 0 0 0 0 0 0 0 0 0 0 0 0 0 0 0 0 0 0 0 0 0 0 0 0 0 0 
1650 3210 4380 5290 6200 8150 9190 10230 11790 12960 13870 14780 16730 17770 18810 20370 21540 22450 23360 25310 26350 27390 28950 0 0 0 0 0 0 0 0 0 0 0 0 0 0 0 0 0 0 0 0 0 0 0 0 0 0 0 
1780 3470 4510 5810 6850 8410 9320 10360 12050 13090 14390 15430 16990 17900 18940 20630 21670 22970 24010 25570 26480 27520 29210 0 0 0 0 0 0 0 0 0 0 0 0 0 0 0 0 0 0 0 0 0 0 0 0 0 0 0 
1130 2690 4510 6460 8020 9710 11270 13090 15040 16600 18290 19850 21670 23620 25180 26870 28430 0 0 0 0 0 0 0 0 0 0 0 0 0 0 0 0 0 0 0 0 0 0 0 0 0 0 0 0 0 0 0 0 0 
1650 3340 5160 6850 8540 10230 11920 13740 15430 17120 18810 20500 22320 24010 25700 27390 29080 0 0 0 0 0 0 0 0 0 0 0 0 0 0 0 0 0 0 0 0 0 0 0 0 0 0 0 0 0 0 0 0 0 
2170 3730 5420 6980 8800 10750 12310 14000 15560 17380 19330 20890 22580 24140 25960 27910 29470 0 0 0 0 0 0 0 0 0 0 0 0 0 0 0 0 0 0 0 0 0 0 0 0 0 0 0 0 0 0 0 0 0 
2560 4250 5940 7630 9450 11140 12830 14520 16210 18030 19720 21410 23100 24790 26610 28300 0 0 0 0 0 0 0 0 0 0 0 0 0 0 0 0 0 0 0 0 0 0 0 0 0 0 0 0 0 0 0 0 0 0 
1260 2820 4640 6460 7890 9840 11400 13220 15040 16470 18420 19980 21800 23620 25050 27000 28560 0 0 0 0 0 0 0 0 0 0 0 0 0 0 0 0 0 0 0 0 0 0 0 0 0 0 0 0 0 0 0 0 0 
2040 3340 5160 6720 8540 10620 11920 13740 15300 17120 19200 20500 22320 23880 25700 27780 29080 0 0 0 0 0 0 0 0 0 0 0 0 0 0 0 0 0 0 0 0 0 0 0 0 0 0 0 0 0 0 0 0 0 
2170 3600 5550 7110 8930 10750 12180 14130 15690 17510 19330 20760 22710 24270 26090 27910 29340 0 0 0 0 0 0 0 0 0 0 0 0 0 0 0 0 0 0 0 0 0 0 0 0 0 0 0 0 0 0 0 0 0 
2430 4250 6330 7630 9450 11010 12830 14910 16210 18030 19590 21410 23490 24790 26610 28170 0 0 0 0 0 0 0 0 0 0 0 0 0 0 0 0 0 0 0 0 0 0 0 0 0 0 0 0 0 0 0 0 0 0 
1390 2430 3990 5030 6590 7500 9190 10620 11660 13220 14390 15820 17250 18550 19590 21150 22190 23750 24660 26350 27780 28820 0 0 0 0 0 0 0 0 0 0 0 0 0 0 0 0 0 0 0 0 0 0 0 0 0 0 0 0 
1520 2950 4380 5680 6720 8280 9320 10880 11790 13480 14910 15950 17510 18680 20110 21540 22840 23880 25440 26480 28040 28950 0 0 0 0 0 0 0 0 0 0 0 0 0 0 0 0 0 0 0 0 0 0 0 0 0 0 0 0 
2040 3080 4640 5810 7240 8670 9970 11010 12570 13610 15170 16080 17770 19200 20240 21800 22970 24400 25830 27130 28170 0 0 0 0 0 0 0 0 0 0 0 0 0 0 0 0 0 0 0 0 0 0 0 0 0 0 0 0 0 
2300 3210 4900 6330 7370 8930 10100 11530 12960 14260 15300 16860 17900 19460 20370 22060 23490 24530 26090 27260 28690 0 0 0 0 0 0 0 0 0 0 0 0 0 0 0 0 0 0 0 0 0 0 0 0 0 0 0 0 0 
